[[1.         0.93877551 0.94736842 0.97777778 0.97959184 0.9047619
  0.97435897 0.93939394 0.9787234  0.92857143]
 [1.         0.44897959 0.97368421 0.97777778 1.         0.92857143
  0.94871795 0.93939394 1.         0.95238095]
 [1.         0.87755102 0.97368421 1.         0.95918367 0.92857143
  0.94871795 0.90909091 1.         0.97619048]
 [1.         0.67346939 0.97368421 1.         0.95918367 0.92857143
  0.94871795 0.90909091 1.         1.        ]
 [1.         0.75510204 0.97368421 1.         0.95918367 0.92857143
  0.94871795 0.90909091 1.         1.        ]
 [1.         0.71428571 0.97368421 1.         0.95918367 0.92857143
  0.94871795 0.90909091 1.         1.        ]
 [1.         0.73469388 0.97368421 1.         0.95918367 0.92857143
  0.94871795 0.90909091 1.         1.        ]
 [1.         0.71428571 0.97368421 1.         0.95918367 0.92857143
  0.97435897 0.90909091 1.         0.97619048]
 [1.         0.71428571 0.97368421 1.         0.95918367 0.92857143
  0.97435897 0.90909091 1.         0.97619048]
 [1.         0.71428571 0.97368421 1.         0.95918367 0.92857143
  0.97435897 0.90909091 1.         0.97619048]]